%TITLE%
 LIX   141013/0000 

   LEVEL       HGHT       TEMP       DWPT       WDIR       WSPD
-------------------------------------------------------------------
%RAW%
 1012.00,     10.00,     27.80,     21.80,    165.00,      2.00
 1000.00,    118.00,     27.00,     21.00,    155.00,     12.00
  978.91,    305.00,     25.30,     20.62,    155.00,     14.01
  945.47,    610.00,     22.54,     19.99,    165.00,     18.01
  925.00,    802.00,     20.80,     19.60,    170.00,     18.01
  913.12,    914.00,     19.85,     19.25,    175.00,     17.00
  905.00,    991.32,     19.20,     19.00,  -9999.00,  -9999.00
  881.32,   1219.00,     17.71,     16.77,    180.00,     15.00
  861.00,   1419.33,     16.40,     14.80,  -9999.00,  -9999.00
  850.00,   1529.00,     16.00,     12.90,    185.00,     14.01
  841.00,   1619.66,     15.80,     11.20,  -9999.00,  -9999.00
  827.00,   1762.43,     15.40,     10.80,  -9999.00,  -9999.00
  822.00,   1813.96,     15.60,      7.60,  -9999.00,  -9999.00
  820.55,   1829.00,     15.50,      7.99,    195.00,     13.00
  816.00,   1876.17,     15.20,      9.20,  -9999.00,  -9999.00
  807.00,   1970.20,     15.00,      4.00,  -9999.00,  -9999.00
  798.00,   2065.08,     14.00,      8.00,  -9999.00,  -9999.00
  791.50,   2134.00,     13.52,      8.17,    205.00,     16.01
  771.00,   2354.99,     12.00,      8.70,  -9999.00,  -9999.00
  763.39,   2438.00,     11.60,      7.88,    195.00,     15.00
  741.00,   2687.09,     10.40,      5.40,  -9999.00,  -9999.00
  736.03,   2743.00,     10.02,      5.02,    200.00,     15.00
  718.00,   2949.17,      8.60,      3.60,  -9999.00,  -9999.00
  700.00,   3159.00,      7.20,      4.20,    205.00,     13.00
  695.00,   3218.00,      6.80,      4.30,  -9999.00,  -9999.00
  679.00,   3409.16,      5.80,      1.90,  -9999.00,  -9999.00
  669.00,   3530.46,      4.80,      1.50,  -9999.00,  -9999.00
  661.00,   3628.56,      4.40,      0.60,  -9999.00,  -9999.00
  658.61,   3658.00,      4.23,      0.92,    215.00,     10.00
  650.00,   3765.12,      3.60,      2.10,  -9999.00,  -9999.00
  612.00,   4252.20,      1.00,     -2.40,  -9999.00,  -9999.00
  610.87,   4267.00,      0.90,     -2.37,    245.00,     14.01
  605.00,   4344.63,      0.40,     -2.20,  -9999.00,  -9999.00
  595.00,   4478.28,      0.00,     -4.50,  -9999.00,  -9999.00
  586.00,   4600.15,     -1.10,     -3.60,  -9999.00,  -9999.00
  574.00,   4765.00,     -1.90,     -5.80,  -9999.00,  -9999.00
  565.94,   4877.00,     -2.81,     -5.80,    235.00,     19.00
  553.00,   5060.16,     -4.30,     -5.80,  -9999.00,  -9999.00
  547.00,   5146.16,     -4.30,     -7.90,  -9999.00,  -9999.00
  537.00,   5291.39,     -5.10,     -6.30,  -9999.00,  -9999.00
  532.00,   5364.93,     -4.90,     -8.40,  -9999.00,  -9999.00
  523.00,   5498.90,     -5.70,     -9.10,  -9999.00,  -9999.00
  520.00,   5543.98,     -5.70,    -13.70,  -9999.00,  -9999.00
  513.00,   5650.00,     -6.30,    -20.30,  -9999.00,  -9999.00
  508.00,   5726.43,     -6.90,    -18.90,  -9999.00,  -9999.00
  505.00,   5772.57,     -7.50,    -10.70,  -9999.00,  -9999.00
  503.00,   5803.46,     -7.70,     -9.90,  -9999.00,  -9999.00
  500.00,   5850.00,     -7.70,    -10.70,    210.00,     25.00
  496.00,   5912.61,     -7.90,    -14.90,  -9999.00,  -9999.00
  491.00,   5991.43,     -8.50,    -20.50,  -9999.00,  -9999.00
  484.42,   6096.00,     -9.31,    -19.80,    215.00,     27.99
  478.00,   6199.25,    -10.10,    -19.10,  -9999.00,  -9999.00
  476.00,   6231.63,    -10.10,    -18.10,  -9999.00,  -9999.00
  473.00,   6280.46,     -9.90,    -27.90,  -9999.00,  -9999.00
  472.00,   6296.81,     -9.90,    -32.90,  -9999.00,  -9999.00
  459.00,   6511.72,    -11.70,    -42.70,  -9999.00,  -9999.00
  452.00,   6629.36,    -12.70,    -27.70,  -9999.00,  -9999.00
  424.00,   7114.07,    -16.90,    -29.90,  -9999.00,  -9999.00
  421.00,   7167.42,    -17.30,    -27.30,  -9999.00,  -9999.00
  417.00,   7239.00,    -17.90,    -28.90,  -9999.00,  -9999.00
  414.00,   7293.05,    -18.10,    -30.10,  -9999.00,  -9999.00
  412.00,   7329.31,    -17.90,    -21.50,  -9999.00,  -9999.00
  400.00,   7550.00,    -19.70,    -21.70,    235.00,     37.01
  399.00,   7568.62,    -19.90,    -21.60,  -9999.00,  -9999.00
  396.25,   7620.00,    -19.72,    -22.97,    240.00,     38.00
  396.00,   7624.75,    -19.70,    -23.10,  -9999.00,  -9999.00
  385.00,   7833.78,    -21.10,    -23.70,  -9999.00,  -9999.00
  378.00,   7969.38,    -21.70,    -25.10,  -9999.00,  -9999.00
  350.00,   8531.95,    -26.50,    -28.50,  -9999.00,  -9999.00
  346.00,   8615.01,    -27.30,    -30.00,  -9999.00,  -9999.00
  336.00,   8825.83,    -29.10,    -30.70,  -9999.00,  -9999.00
  329.00,   8976.42,    -29.70,    -31.90,  -9999.00,  -9999.00
  325.00,   9063.79,    -29.70,    -38.70,  -9999.00,  -9999.00
  322.00,   9129.97,    -30.10,    -43.10,  -9999.00,  -9999.00
  321.37,   9144.00,    -30.25,    -43.46,    250.00,     41.01
  316.00,   9263.68,    -31.50,    -46.50,  -9999.00,  -9999.00
  309.00,   9422.14,    -32.50,    -44.50,  -9999.00,  -9999.00
  307.00,   9467.94,    -32.90,    -51.90,  -9999.00,  -9999.00
  305.00,   9513.96,    -33.30,    -55.30,  -9999.00,  -9999.00
  300.00,   9630.00,    -34.30,    -54.30,    250.00,     43.01
  291.00,   9841.09,    -36.30,    -56.30,  -9999.00,  -9999.00
  282.00,  10057.08,    -38.10,    -54.10,  -9999.00,  -9999.00
  279.00,  10130.24,    -38.70,    -46.70,  -9999.00,  -9999.00
  276.00,  10204.00,    -39.30,    -46.30,  -9999.00,  -9999.00
  265.00,  10479.72,    -41.70,    -50.70,  -9999.00,  -9999.00
  259.00,  10633.77,    -42.90,    -56.90,  -9999.00,  -9999.00
  254.00,  10764.21,    -44.10,    -60.10,  -9999.00,  -9999.00
  250.00,  10870.00,    -44.70,    -63.70,    260.00,     56.00
  246.00,  10978.01,    -45.50,    -65.50,  -9999.00,  -9999.00
  209.00,  12047.52,    -53.90,    -67.90,  -9999.00,  -9999.00
  200.00,  12330.00,    -55.30,    -70.30,    260.00,     64.01
  194.78,  12497.00,    -56.31,    -71.31,    270.00,     65.00
  191.00,  12620.56,    -57.05,    -72.05,    270.00,     65.00
  181.00,  12959.91,    -59.10,    -74.10,  -9999.00,  -9999.00
  168.30,  13411.00,    -61.23,    -76.80,    245.00,     54.99
  159.00,  13763.30,    -62.90,    -78.90,  -9999.00,  -9999.00
  157.00,  13841.11,    -62.70,    -79.70,  -9999.00,  -9999.00
  150.00,  14120.00,    -65.10,    -81.10,    245.00,     58.99
  146.00,  14284.67,    -66.10,    -82.10,  -9999.00,  -9999.00
  140.00,  14539.84,    -65.90,    -81.90,  -9999.00,  -9999.00
  137.93,  14630.00,    -66.66,    -82.66,    250.00,     52.00
  133.00,  14849.93,    -68.50,    -84.50,  -9999.00,  -9999.00
  129.00,  15033.38,    -68.50,    -84.50,  -9999.00,  -9999.00
  126.00,  15174.25,    -69.90,    -85.90,  -9999.00,  -9999.00
  124.62,  15240.00,    -69.90,    -85.90,    245.00,     44.00
  123.00,  15318.02,    -69.90,    -85.90,  -9999.00,  -9999.00
  114.00,  15767.13,    -73.70,    -86.70,    235.00,     47.01
  112.40,  15850.00,    -73.70,    -86.48,    235.00,     47.01
  107.00,  16138.13,    -73.70,    -85.70,  -9999.00,  -9999.00
  106.71,  16154.00,    -73.13,    -85.41,    230.00,     27.99
  106.00,  16193.38,    -71.70,    -84.70,  -9999.00,  -9999.00
  104.00,  16305.97,    -71.90,    -84.90,  -9999.00,  -9999.00
  103.00,  16363.30,    -70.10,    -83.10,  -9999.00,  -9999.00
  101.00,  16480.46,    -69.10,    -83.10,  -9999.00,  -9999.00
  100.00,  16540.00,    -69.50,    -83.50,    250.00,     17.00
   84.50,  17535.51,    -72.90,    -87.90,  -9999.00,  -9999.00
   82.40,  17683.75,    -70.90,    -86.90,  -9999.00,  -9999.00
   75.50,  18200.42,    -71.70,    -88.70,  -9999.00,  -9999.00
   74.39,  18288.00,    -71.07,    -88.49,    220.00,     25.00
   70.67,  18593.00,    -68.87,    -87.76,    255.00,     16.01
   70.40,  18615.87,    -68.70,    -87.70,  -9999.00,  -9999.00
   70.00,  18650.00,    -68.30,    -87.30,    250.00,     16.01
   69.40,  18701.85,    -66.90,    -86.90,  -9999.00,  -9999.00
   67.18,  18898.00,    -67.82,    -87.82,    220.00,      4.00
   67.00,  18914.04,    -67.90,    -87.90,  -9999.00,  -9999.00
   66.10,  18996.13,    -64.10,    -86.10,  -9999.00,  -9999.00
   60.82,  19507.00,    -63.46,    -87.87,    175.00,     10.00
   59.60,  19631.46,    -63.30,    -88.30,  -9999.00,  -9999.00
   57.80,  19821.11,    -60.90,    -87.90,  -9999.00,  -9999.00
   55.12,  20117.00,    -60.57,    -88.40,     80.00,      0.99
   54.60,  20175.69,    -60.50,    -88.50,  -9999.00,  -9999.00
   51.60,  20525.85,    -62.90,    -89.90,  -9999.00,  -9999.00
   50.00,  20720.00,    -62.70,    -89.70,    355.00,      8.99
   46.60,  21152.07,    -63.70,    -90.70,  -9999.00,  -9999.00
   45.22,  21336.00,    -63.34,    -90.34,    115.00,      8.99
   43.03,  21641.00,    -62.74,    -89.74,    145.00,     17.00
   42.20,  21760.86,    -62.50,    -89.50,  -9999.00,  -9999.00
   40.96,  21946.00,    -61.32,    -89.16,    150.00,     14.01
   39.30,  22202.04,    -59.70,    -88.70,  -9999.00,  -9999.00
   35.00,  22922.13,    -61.30,    -89.30,  -9999.00,  -9999.00
   31.10,  23661.80,    -56.50,    -86.50,  -9999.00,  -9999.00
   30.00,  23890.00,    -56.10,    -87.10,    115.00,      2.00
   29.12,  24079.00,    -55.83,    -86.83,    150.00,      0.99
   27.76,  24384.00,    -55.39,    -86.39,    350.00,      4.99
   27.50,  24444.89,    -55.30,    -86.30,  -9999.00,  -9999.00
   26.80,  24609.17,    -56.50,    -86.50,  -9999.00,  -9999.00
   26.47,  24689.00,    -56.05,    -86.30,     15.00,     14.01
   25.50,  24926.41,    -54.70,    -85.70,  -9999.00,  -9999.00
   25.23,  24994.00,    -54.96,    -85.74,     35.00,     15.00
   24.30,  25234.37,    -55.90,    -85.90,  -9999.00,  -9999.00
   24.06,  25298.00,    -55.64,    -85.79,     75.00,     14.01
   21.89,  25908.00,    -53.11,    -84.72,     85.00,     13.00
   20.00,  26490.00,    -50.70,    -83.70,    145.00,     10.00
   19.60,  26621.90,    -49.30,    -82.30,  -9999.00,  -9999.00
   19.01,  26822.00,    -49.69,    -82.69,    140.00,     10.99
   18.40,  27034.96,    -50.10,    -83.10,  -9999.00,  -9999.00
   17.32,  27432.00,    -48.11,    -81.69,    315.00,      2.00
   16.60,  27711.94,    -46.70,    -80.70,  -9999.00,  -9999.00
   15.80,  28039.49,    -46.30,    -80.30,  -9999.00,  -9999.00
   15.79,  28042.00,    -46.31,    -80.30,     40.00,     10.00
   14.40,  28651.00,    -47.99,    -81.34,    335.00,     16.01
   13.70,  28980.65,    -48.90,    -81.90,  -9999.00,  -9999.00
   12.80,  29428.89,    -46.50,    -80.50,  -9999.00,  -9999.00
   12.54,  29566.00,    -46.54,    -80.54,      0.00,      0.00
   11.60,  30081.42,    -46.70,    -80.70,  -9999.00,  -9999.00
   10.93,  30480.00,    -45.68,    -80.14,    190.00,     20.01
   10.20,  30937.75,    -44.50,    -79.50,  -9999.00,  -9999.00
   10.00,  31070.00,    -45.30,    -80.30,    220.00,     13.00
    9.97,  31090.00,    -45.28,    -80.28,    230.00,     14.01
    9.70,  31273.22,    -45.10,    -80.10,  -9999.00,  -9999.00
    9.50,  31412.71,    -43.70,    -79.70,  -9999.00,  -9999.00
    8.70,  32001.96,    -44.90,    -79.90,  -9999.00,  -9999.00
    8.70,  32004.00,    -44.84,    -79.86,    245.00,     22.01
    8.60,  32079.60,    -42.50,    -78.50,  -9999.00,  -9999.00
    8.40,  32238.60,    -42.10,    -78.10,  -9999.00,  -9999.00
    8.31,  32309.00,    -42.27,    -78.13,    285.00,     23.00
    7.80,  32738.48,    -43.30,    -78.30,  -9999.00,  -9999.00
    7.00,  33470.00,    -41.10,    -78.10,    265.00,     14.01
    6.94,  33528.00,    -40.16,    -77.46,    270.00,     13.00
    6.80,  33668.27,    -37.90,    -75.90,  -9999.00,  -9999.00
